                           2   2
MutableHashTable{ideal (x*y , x y) => | 1 0 |}
                                      | 0 0 |
                                      | 0 2 |
                           4   5
                 ideal (x*y , x ) => | 1 0 |
                                     | 0 0 |
                                     | 0 0 |
                                     | 0 0 |
                                     | 0 2 |
                           4   5
                 ideal (x*y , y ) => | 1 0 |
                                     | 0 0 |
                                     | 0 0 |
                                     | 0 0 |
                                     | 0 2 |
                         3 2   5
                 ideal (x y , x ) => | 1 0 |
                                     | 0 0 |
                                     | 0 0 |
                                     | 0 0 |
                                     | 0 2 |
                         4      4
                 ideal (x y, x*y ) => | 1 0 |
                                      | 0 0 |
                                      | 0 0 |
                                      | 0 0 |
                                      | 0 2 |
                         4    5
                 ideal (x y, y ) => | 1 0 |
                                    | 0 0 |
                                    | 0 0 |
                                    | 0 0 |
                                    | 0 2 |
                         5   5
                 ideal (x , y ) => | 1 0 |
                                   | 0 0 |
                                   | 0 0 |
                                   | 0 0 |
                                   | 0 2 |
                         5   5
                 ideal (y , x ) => | 1 0 |
                                   | 0 0 |
                                   | 0 0 |
                                   | 0 0 |
                                   | 0 2 |